java BinaryDump 40 < 4runs.bin
0000000000000001111111000000011111111111
40 bits

java RunLength - < 4runs.bin | java BinaryDump
0000111100000111
0000011100001011
32 bits

32/40 = 80%

java RunLength - < 4runs.bin > 4runsrle.bin
java BinaryDump 40 < 4runsrle.bin
00001111000001110000011100001011
32 bits
-------------------------------------------------------------------------
java BinaryDump 8 < abra.txt
01000001
01000010
01010010
01000001
01000011
01000001
01000100
01000001
01000010
01010010
01000001
00100001
96 bits

java RunLength - < abra.txt | java BinaryDump 8
00000001
00000001
00000101
00000001
00000001
00000001
00000100
00000001
00000010
00000001
00000001
00000001
00000010
00000001
00000010
00000001
00000101
00000001
00000001
00000001
00000100
00000010
00000001
00000001
00000101
00000001
00000001
00000001
00000011
00000001
00000011
00000001
00000101
00000001
00000001
00000001
00000100
00000001
00000010
00000001
00000001
00000001
00000010
00000001
00000010
00000001
00000101
00000001
00000010
00000001
00000100
00000001
416 bits

416/96

-------------------------------------------------------------------------

java BinaryDump 40 < q32x48.bin
0000000000000000000000000000000000000000
0000000000000000000000000000000000000001
1111110000000000000000000000111111111111
1110000000000000001111000011111111100000
0000000011110000000001111110000000000001
1100000000000011111000000000001111000000
0000001111100000000001111000000000000011
1110000000001111000000000000001111100000
0000111100000000000000111110000000011110
0000000000000011111000000001111000000000
0000001111100000001111100000000000000011
1110000000111110000000000000001111100000
0011111000000000000000111110000000111110
0000000000000011111000000011111000000000
0000001111100000001111100000000000000011
1110000000111110000000000000001111100000
0011111000000000000000111110000000111111
0000000000000011111000000011111100000000
0000001111100000000111111000000000000011
1110000000011111100000000000001111100000
0000111111000000000000111110000000001111
1110000000000011111000000000011111110000
0000001111100000000000111111110000000111
1110000000000001111111111111111111100000
0000000001111111111100111110000000000000
0000111110000011111000000000000000000000
0000001111100000000000000000000000000011
1110000000000000000000000000001111100000
0000000000000000000000111110000000000000
0000000000000011111000000000000000000000
0000001111100000000000000000000000000011
1110000000000000000000000000001111100000
0000000000000000000000111110000000000000
0000000000000011111000000000000000000000
0000001111100000000000000000000000000111
1111000000000000000000000011111111111100
0000000000000000011111111111111000000000
0000000000000000000000000000000000000000
0000000000000000
1536 bits

java BinaryDump 40 < q32x48rle.bin
0100111100000111000101100000111100001111
0000010000000100000010010000110100000100
0000100100000110000011000000001100001100
0000010100001011000001000000110000000101
0000101000000100000011010000010100001001
0000010000001110000001010000100100000100
0000111000000101000010000000010000001111
0000010100001000000001000000111100000101
0000011100000101000011110000010100000111
0000010100001111000001010000011100000101
0000111100000101000001110000010100001111
0000010100000111000001010000111100000101
0000011100000101000011110000010100000111
0000010100001111000001010000011100000101
0000111100000101000001110000011000001110
0000010100000111000001100000111000000101
0000100000000110000011010000010100001000
0000011000001101000001010000100100000110
0000110000000101000010010000011100001011
0000010100001010000001110000101000000101
0000101100001000000001110000011000001100
0001010000001110000010110000001000000101
0001000100000101000001010000010100011011
0000010100011011000001010001101100000101
0001101100000101000110110000010100011011
0000010100011011000001010001101100000101
0001101100000101000110110000010100011011
0000010100011010000001110001011000001100
000100110000111001000001
1144 bits

1144/1536 = 0.74479166666%

-------------------------------------------------------------------------

java BinaryDump 40 < q64x96.bin
0000000000000000000000000000000000000000
0000000000000000000000000000000000000000
0000000000000000000000000000000000000000
0000000000000000000000000000000000000001
1111111111000000000000000000000000000000
0000000000000000001111111111111111111100
0000000000000000000000000000000000000001
1111111111111111111111111111111000000000
0000000000000000000001111111111111111111
1111111111111110000000000000000000000000
0001111111111111111111111111111111111110
0000000000000000000000000111111111111111
1111111111111111111111100000000000000000
0000000111111111100000000000001111111111
1111111000000000000000000000001111111110
0000000000000000011111111111111000000000
0000000000000111111110000000000000000000
0011111111111110000000000000000000011111
1111000000000000000000000000111111111110
0000000000000000001111111110000000000000
0000000000001111111111100000000000000000
0111111111000000000000000000000000001111
1111111000000000000000000111111110000000
0000000000000000000011111111110000000000
0000000011111111100000000000000000000000
0000111111111100000000000000000111111111
0000000000000000000000000000111111111100
0000000000000011111111100000000000000000
0000000000001111111111000000000000000011
1111111000000000000000000000000000001111
1111110000000000000001111111111000000000
0000000000000000000011111111110000000000
0000111111111100000000000000000000000000
0000111111111100000000000000111111111100
0000000000000000000000000000111111111100
0000000000011111111111000000000000000000
0000000000001111111111000000000000011111
1111100000000000000000000000000000001111
1111110000000000000111111111100000000000
0000000000000000000011111111110000000000
0011111111111000000000000000000000000000
0000111111111100000000000011111111111000
0000000000000000000000000000111111111100
0000000000111111111110000000000000000000
0000000000001111111111000000000000111111
1111100000000000000000000000000000001111
1111110000000000011111111111100000000000
0000000000000000000011111111110000000000
0111111111111000000000000000000000000000
0000111111111100000000000111111111111000
0000000000000000000000000000111111111100
0000000001111111111110000000000000000000
0000000000001111111111000000000001111111
1111100000000000000000000000000000001111
1111110000000000011111111111100000000000
0000000000000000000011111111110000000000
0111111111111000000000000000000000000000
0000111111111100000000000111111111111000
0000000000000000000000000000111111111100
0000000001111111111110000000000000000000
0000000000001111111111000000000001111111
1111110000000000000000000000000000001111
1111110000000000011111111111110000000000
0000000000000000000011111111110000000000
0111111111111100000000000000000000000000
0000111111111100000000000011111111111100
0000000000000000000000000000111111111100
0000000000111111111111100000000000000000
0000000000001111111111000000000000111111
1111111000000000000000000000000000001111
1111110000000000001111111111111100000000
0000000000000000000011111111110000000000
0001111111111111000000000000000000000000
0000111111111100000000000001111111111111
1000000000000000000000000000111111111100
0000000000001111111111111000000000000000
0000000000001111111111000000000000001111
1111111111000000000000000000000000001111
1111110000000000000001111111111111100000
0000000000000000000011111111110000000000
0000011111111111111100000000000000000000
0000111111111100000000000000001111111111
1111100000000000000000000000111111111100
0000000000000001111111111111110000000000
0000000000001111111111000000000000000001
1111111111111111000000000000000000001111
1111110000000000000000001111111111111111
1000000000000000000011111111110000000000
0000000001111111111111111111000000000000
0011111111111100000000000000000000111111
1111111111111111000000111111111111111100
0000000000000000000011111111111111111111
1111111111111111111111000000000000000000
0000011111111111111111111111111111111111
1111110000000000000000000000000111111111
1111111111111111100011111111110000000000
0000000000000000011111111111111111111100
0000111111111100000000000000000000000000
0001111111111111111000000000111111111100
0000000000000000000000000000000111111111
0000000000001111111111000000000000000000
0000000000000000000000000000000000001111
1111110000000000000000000000000000000000
0000000000000000000011111111110000000000
0000000000000000000000000000000000000000
0000111111111100000000000000000000000000
0000000000000000000000000000111111111100
0000000000000000000000000000000000000000
0000000000001111111111000000000000000000
0000000000000000000000000000000000001111
1111110000000000000000000000000000000000
0000000000000000000011111111110000000000
0000000000000000000000000000000000000000
0000111111111100000000000000000000000000
0000000000000000000000000000111111111100
0000000000000000000000000000000000000000
0000000000001111111111000000000000000000
0000000000000000000000000000000000001111
1111110000000000000000000000000000000000
0000000000000000000011111111110000000000
0000000000000000000000000000000000000000
0000111111111100000000000000000000000000
0000000000000000000000000000111111111100
0000000000000000000000000000000000000000
0000000000001111111111000000000000000000
0000000000000000000000000000000000001111
1111110000000000000000000000000000000000
0000000000000000000011111111110000000000
0000000000000000000000000000000000000000
0000111111111100000000000000000000000000
0000000000000000000000000000111111111110
0000000000000000000000000000000000000000
0000000000001111111111100000000000000000
0000000000000000000000000000000000001111
1111111000000000000000000000000000000000
0000000000000000000111111111111000000000
0000000000000000000000000000000000000000
0001111111111110000000000000000000000000
0000000000000000000000000111111111111111
1000000000000000000000000000000000000000
0000111111111111111111111111100000000000
0000000000000000000000001111111111111111
1111111111111111000000000000000000000000
0000000011111111111111111111111111111111
0000000000000000000000000000000011111111
1111111111111111111111110000000000000000
0000000000000000000000000000000000000000
0000000000000000000000000000000000000000
0000000000000000000000000000000000000000
0000000000000000000000000000000000000000
0000000000000000000000000000000000000000
0000000000000000000000000000000000000000
0000000000000000000000000000000000000000
000000000000000000000000
6144 bits

java BinaryDump 40 < q64x96rle.bin
1001111100001011001100000001010000101001
0010000000011110001000100001110000100100
0001101000100110000110000000101000001101
0001000100010111000010010001001000001110
0001011000001000000101010000110100010100
0000100100011000000010110001001100001001
0001100100001011000100100000100100011010
0000101100010010000010000001101100001010
0001001000001001000110110000101000010001
0000100100011100000010100001000000001001
0001110100001010000100000000100100011101
0000101000001111000010100001110100001010
0000111000001010000111100000101000001110
0000101000011110000010100000110100001011
0001111000001010000011010000101000011111
0000101000001101000010100001111100001010
0000110000001011000111110000101000001100
0000101100011111000010100000110000001011
0001111100001010000011000000101100011111
0000101000001011000011000001111100001010
0000101100001100000111110000101000001011
0000110000011111000010100000101100001100
0001111100001010000010110000110000011111
0000101000001011000011000001111100001010
0000101100001100000111110000101000001011
0000110000011111000010100000101100001100
0001111100001010000010110000110100011110
0000101000001011000011010001111000001010
0000101100001101000111100000101000001100
0000110000011110000010100000110000001101
0001110100001010000011000000110100011101
0000101000001100000011100001110000001010
0000110100001101000111000000101000001101
0000111000011011000010100000111000001101
0001101100001010000011100000111000011010
0000101000001111000011100001100100001010
0000111100001111000110000000101000010000
0000111100010111000010100001000100001111
0001011000001010000100010001000100010100
0000101000010010000100010001001100001010
0001001100010011000011100000110000010100
0001011000000110000100000001011000101010
0001011100101001000110010001101000000011
0000101000011011000101010000011000001010
0001110100010000000010010000101000100001
0000100100001100000010100011011000001010
0011011000001010001101100000101000110110
0000101000110110000010100011011000001010
0011011000001010001101100000101000110110
0000101000110110000010100011011000001010
0011011000001010001101100000101000110110
0000101000110110000010100011011000001010
0011011000001010001101100000101000110110
0000101100110101000010110011010100001011
0011010000001100001101000000110000110010
0001000000101011000110010010001100100000
0010000000100000001000000010000011111111
0000000001000001
2296 bits

2296/6144 = 0.37369791666%

-------------------------------------------------------------------------

The larger bitmap compressed better , as it is larger it is more likely to have more repeated bits thank a smaller bitmap.
